250
500
93 183 0.6098290843874187
171 192 0.9107367840754124
122 4 0.39009766934937307
141 157 0.21193071406396424
203 86 0.39450907719935413
148 248 0.976499896074867
4 73 0.7535529671643588
35 158 0.9391303596720066
16 26 0.41021077311881926
46 4 0.8318230634687943
144 197 0.05966770513015107
148 234 0.021007329269488895
18 171 0.3223057788414816
137 95 0.2576504711248665
193 213 0.6528162595659298
191 227 0.11204921918254485
29 50 0.10252720569281115
150 235 0.8573717600430987
230 163 0.07255002179508385
239 64 0.6646515398346242
126 86 0.6221065359584769
166 28 0.9768173405415856
110 112 0.7294061116050127
213 161 0.8404765028095292
75 243 0.1416997973873727
223 25 0.791551109018652
242 187 0.09664661227169635
10 96 0.6144999522367983
109 136 0.24888484773410557
66 64 0.9247416632844134
179 26 0.5937089685879411
120 177 0.060027298936500495
14 152 0.04401051695062341
160 81 0.20889348770906935
47 34 0.5871492808442602
57 59 0.052960109247340736
80 143 0.6251790289142074
208 234 0.4547191808291834
49 228 0.18485929266349144
183 70 0.8835944379431385
188 220 0.17314320281014517
122 10 0.3404341296040454
181 69 0.7493387832863678
187 147 0.5142320430715175
151 203 0.1868990886465085
112 142 0.784754740216276
94 129 0.3058041994620463
235 176 0.4708859371983194
71 91 0.6707560660105754
177 14 0.4168814880477356
220 115 0.27091509597978014
138 202 0.607361405440998
213 209 0.3236648742798026
19 80 0.0067481723963794815
246 111 0.17789943606257685
60 118 0.22999360949838055
199 77 0.03158546183586031
209 17 0.9688185119052525
68 110 0.32385907478986753
188 35 0.3213235562605635
82 10 0.21367547267192055
234 33 0.3027112651035886
9 70 0.5150366332322212
191 178 0.8509928275000131
83 189 0.8230808630609411
240 95 0.583935362208496
105 191 0.3358251684215182
90 163 0.41213916960260233
121 26 0.05310980195126225
23 20 0.8680160463226785
87 7 0.6173016158716177
119 227 0.6715736751157815
203 81 0.049571116789260516
203 16 0.621293338813321
95 96 0.031065566235123576
136 214 0.37202090256397513
177 111 0.18005855019408468
159 85 0.041674341097650114
147 135 0.9841642410525765
135 154 0.8747033741135581
87 196 0.6609620221289934
1 122 0.38262002451862354
223 239 0.24088548994999837
149 223 0.48055137285440974
96 218 0.5929872896541908
156 108 0.14364859423096799
63 142 0.9471992793603436
216 67 0.018319754951879763
119 248 0.7059650126411625
68 42 0.24063572860372906
35 149 0.983629785697427
109 112 0.4378923780612016
192 17 0.36373083360024683
24 48 0.5191938918182626
163 144 0.8223386003107851
54 151 0.39705618163315204
233 39 0.6298572341322842
42 150 0.22441111802537794
227 25 0.31420074936811093
203 244 0.0800254087442811
206 9 0.44501891771711133
185 62 0.2902312188714036
135 171 0.081654654391905
78 28 0.735997714507871
235 112 0.21677269741657768
54 225 0.5617561480330135
80 227 0.4431071629022769
50 248 0.6760233436029424
219 235 0.37253306451014845
147 106 0.31375204988748817
23 236 0.04467515487215412
110 232 0.7164683396665034
56 55 0.6765249456319923
56 72 0.678640210245989
133 57 0.6250446532811521
26 204 0.3073534384729394
235 150 0.3614946828665859
125 153 0.8472540860992324
188 172 0.5892290115295901
18 2 0.8338496299974774
102 157 0.3759606475141878
209 125 0.15564363975372186
70 36 0.31700720285645445
234 175 0.8292116017033712
99 133 0.29778449963146914
55 62 0.4212083703747622
58 31 0.381823568455955
114 161 0.08743062184444539
107 65 0.7148447201254939
194 103 0.1414402161603494
144 186 0.10593011649170314
40 33 0.9138877398465173
167 105 0.12359321143949842
26 247 0.41855750409532355
129 17 0.1275529745723165
138 134 0.0022888849110777043
103 49 0.6462766010592397
9 83 0.7233112620709108
81 85 0.9058638718206414
202 182 0.676162702651846
56 147 0.11760328974752776
167 98 0.861245241682392
127 108 0.3395380221323988
33 103 0.4832029120732567
46 187 0.3416376328665488
215 43 0.7546906759173851
231 140 0.9246796945383798
166 29 0.3807360003497505
160 58 0.5697022147392055
53 116 0.9037772169050237
212 197 0.12789687951889717
115 230 5.956577353183334E-4
131 5 0.5000699396852133
189 173 0.6397413536100006
197 178 0.9003058976003644
54 205 0.7316852394487469
38 181 0.35022675812214477
5 234 0.5338130915400897
38 131 0.5082475304460632
137 246 0.6085094705995002
150 134 0.8024864160910329
158 142 0.5749629617609111
119 11 0.10649587094825852
59 74 0.24395655433981678
165 12 0.8737386798960778
21 106 0.9797897464057845
58 162 0.7297410329494666
40 32 0.29461214517711387
19 141 0.010111939930329994
97 189 0.7478307719075986
76 105 0.6281270586610667
203 3 0.1968862358735718
19 128 0.9573316528274728
152 149 0.3255758351433733
42 249 0.1226262910669319
41 229 0.1622342783059577
42 194 0.20755592089234953
67 230 0.9924658165063216
91 146 0.406031333313433
39 13 0.6697538474828818
114 136 0.07346928797074903
193 24 0.8321576187907921
24 78 0.9653460337368438
25 95 0.9444379083222264
155 23 0.6904160730628343
101 75 0.40233632944270614
227 241 0.5513565365731153
54 42 0.15936632966206632
21 111 0.4973546114133742
135 37 0.4663560140928745
27 159 0.8711639338585964
218 228 0.3501163251282102
10 62 0.9974133742058724
39 213 0.3999904338065764
3 169 0.4294593275986669
193 247 0.2796735919915523
58 40 0.8488306122652363
29 80 0.13657481829530427
172 33 0.19432309848318496
113 143 0.7421251778156526
130 40 0.5870583533350495
64 171 0.7638200098758007
23 226 0.01332919767629337
23 0 0.043415182926060836
189 116 0.5288122865753815
158 90 0.1355802966868045
235 220 0.955735818375231
167 66 0.6474448872953475
159 90 0.6588486395186789
177 74 0.111855914672505
66 54 0.00654391186620773
146 95 0.225798223610842
46 178 0.5502495438767702
166 94 0.2903119615262154
71 129 0.7882044204842484
214 230 0.599374132964978
229 220 0.6189976601604015
132 80 0.3425943370248179
196 236 0.2357559231730647
139 84 0.3102067472869865
83 205 0.2636218033734943
158 26 0.31872460940968017
78 188 0.40117349899663224
205 78 0.8117548828017734
171 245 0.6906946303161866
208 189 0.5328545191021452
181 105 0.8127103329351816
223 217 0.5159420941085268
232 214 0.4769635123606576
99 177 0.8936616692320075
208 207 0.06501336850617778
192 248 0.1852283037783118
160 91 0.16889597460876515
35 40 0.792667628357136
217 29 0.5657939131448076
152 142 0.40799463704281014
237 239 0.4704210413623322
173 214 0.9137596297742099
138 221 0.6148348063583563
154 83 0.14552224550546355
124 92 0.819647578242467
114 112 0.5771969959411788
41 12 0.24111534716163252
249 180 0.588846831403563
65 45 0.4053408591300468
222 249 0.4813839268968294
192 111 0.473834927706153
219 229 0.8137697830124153
162 67 0.9239387686387139
191 55 0.9556894012184612
75 108 0.9731169644910169
200 116 0.9723073421474857
72 152 0.6278888608419333
111 206 0.08759592526060034
109 175 0.1961743795419837
167 33 0.008859094335255335
170 160 0.46608727518352855
24 17 0.3374579015674942
6 64 0.5247174406357243
46 68 0.13937665871631288
144 146 0.36720111027285496
192 96 0.5041512851470941
204 49 0.029385876057431592
89 86 0.581814561155412
63 78 0.9666553682527361
142 6 0.15489558907190915
125 225 0.796985886704245
39 178 0.2761436684331142
224 208 0.32806555635126056
46 248 0.8825294089055391
7 240 0.9963137996593213
179 60 0.5822091297408478
81 61 0.4598974978898225
221 150 0.0035208924987197854
71 117 0.10834723191816709
90 230 0.1937137323452216
25 68 0.6781353275997912
4 126 0.5599943023019452
72 20 0.9965852327205811
208 67 0.7566079098382692
111 189 0.115739052156841
227 149 0.7390538955728259
249 180 0.7433186978529175
188 212 0.9301679133364928
145 95 0.9296730307649366
168 235 0.0726865601978881
54 60 0.42761205498744137
166 2 0.8790429891646065
164 237 0.006286287312428862
3 152 0.03152406642852845
209 91 0.27077772949032175
149 150 0.43455337886065537
35 46 0.21582638891186468
211 185 0.8757467224281125
87 52 0.8251244866225838
117 234 0.41351961995996067
164 4 0.5168676309826129
94 148 0.8764091374677394
80 247 0.1317609733010503
142 15 0.8329052390660491
43 155 0.4614351966326856
0 200 0.2704697689089576
207 92 0.023235711805786652
167 117 0.008553472128209338
77 140 0.9016062167633702
178 230 0.5628052622847509
78 110 0.9967946972377233
56 36 0.7762994701344818
122 234 0.9483693166966659
232 148 0.03849089553863527
224 117 0.33403791816819906
11 248 0.3237393329448842
183 3 0.4835235682985588
51 5 0.5986284720093112
177 140 0.39275622795557885
32 109 0.3709370643952272
16 63 0.7753982471336158
72 195 0.28300263794458547
210 205 0.2467293869817896
123 239 0.6883508733527096
106 64 0.9991747234058614
240 56 0.09284731930929435
83 223 0.09926691935076637
127 204 0.19025969778681096
152 241 0.7125915807476165
55 55 0.9770030525052669
167 77 0.1462729693800997
148 159 0.09197184592324892
53 83 0.5878143735676477
245 168 0.09474680691051263
33 182 0.8146161234250439
163 23 0.869096266466069
117 174 0.9502510201627585
10 243 0.7185753346259923
60 206 0.5515858517527528
71 21 0.007158349406213627
168 94 0.9250944583710105
36 125 0.39022350377612547
153 216 0.5912165434564866
157 140 0.7798409705673174
203 227 0.2423734343108317
13 32 0.19319859859732813
101 128 0.3732604389503643
133 179 0.5441324802413968
65 58 0.001292894522011312
98 230 0.2551120501113179
75 81 0.5405908279151794
8 115 0.29066250552737405
54 221 0.9446452469336089
193 9 0.843089856288958
128 75 0.6908165564655321
48 4 0.43750715496639625
164 166 0.04407358099516456
27 118 0.6655427308182862
133 117 0.3078893678709874
55 219 0.10574457704327267
109 177 0.4469681645503052
159 146 0.24357742564701357
31 137 0.5494849343369995
101 190 0.36504228978464137
236 178 0.08577762816409762
210 15 0.46533045267765527
145 123 0.8159393649486301
163 46 0.187557583200474
193 2 0.500515893712923
214 67 0.6865053741140955
196 11 0.2765218461171257
129 149 0.09843204672108019
53 244 0.6752460120790633
173 131 0.9903948942883294
90 227 0.7788251623794805
135 235 0.7611616202337698
38 211 0.9393224659476747
67 157 0.47066930244579397
32 34 0.8170550891671744
127 240 0.9861234816416541
135 15 0.234173080196597
9 154 0.6502119256233261
172 85 0.4849998466006681
218 121 0.9005407299644895
73 246 0.2964014774784842
108 249 0.39928347637428596
159 38 0.5894611945217144
100 124 0.2681664674766887
30 200 0.5579918249827334
173 20 0.966296215245204
223 196 0.34992800764277665
108 200 0.19696830695762624
32 97 0.8143967876249552
242 91 0.9844790453486902
245 193 0.3602738737727118
245 80 0.7230946616802055
74 195 0.9612899791660471
243 43 0.5677152710502464
233 45 0.738259859471814
232 181 0.009403926169200938
86 171 0.35076437040099695
92 39 0.8588336240236615
40 131 0.6386236955227326
103 60 0.14683798731172737
26 214 0.5677575659398663
170 108 0.6436344749571435
142 42 0.5555365638232612
249 93 0.7969212111042547
83 75 0.6774855204797887
241 174 0.8939319906270631
64 247 0.09020899885783729
66 82 0.16366617325516553
51 155 0.24466568804682387
245 45 0.3528936107290752
0 217 0.10942676497877957
41 172 0.033167211872047964
226 179 0.6753111229524339
118 99 0.5259582821863313
105 194 0.4707982003023603
109 163 0.869163569641623
63 91 0.6818764886905201
25 249 0.6906144453449379
165 139 0.7404944174419661
25 82 0.2028526747402749
196 241 0.9225374264645647
51 128 0.7883191576223061
44 188 0.5792631440782839
81 162 0.805235365135986
231 215 0.11538447053881074
205 125 0.3118396693935199
66 147 0.7224979288648947
104 224 0.38027397059809687
29 87 0.17831277583851035
183 182 0.5512983980971067
163 16 0.7301437713406921
26 198 0.7671448261076913
74 119 0.1953889120484016
88 207 0.8122030698307565
163 15 0.9322203723562872
133 10 0.8898659894239975
225 216 0.26047587787573434
239 226 0.46874268384573237
168 114 0.2457442499503324
7 157 0.9425819823687651
46 201 0.498897761090358
159 26 0.9656310021552883
232 113 0.7888311630520828
177 179 0.5487863360345877
105 51 0.8179251309529669
212 80 0.13177861454661277
205 222 0.4677599165827766
202 177 0.8827634391041674
236 171 0.18686252158879235
246 106 0.41907491613316394
24 16 0.9627787891664757
193 90 0.9915308643672619
123 34 0.4975192344788655
211 168 0.9295610551874934
30 241 0.7884359326944306
109 227 0.805563441654311
216 190 0.30584460255930546
132 121 0.3442754044582652
6 100 0.35421494770070705
142 199 0.5765803491310318
9 219 0.005509130365270232
50 25 0.11705260626098268
24 45 0.2012568571332699
247 163 0.7306763645131101
65 93 0.23421271976525015
126 227 0.5465573496653607
94 133 0.8409498240392913
172 197 0.3750785853981784
61 39 0.5635010902485386
80 206 0.5898344590600786
25 143 0.8711676941878471
223 220 0.9468101253526581
220 112 0.7728718193783944
212 132 0.5306562214498503
247 20 0.29593874640167495
52 26 0.7415414318489847
237 134 0.2589511347254748
2 151 0.8659483902045176
235 15 0.22432597749031302
217 237 0.3109112020773682
24 219 0.3805228903446328
167 130 0.023575919274974155
3 33 0.3742998798732019
203 209 0.9665974756723844
137 12 0.790190643042821
5 203 0.7747700667612984
112 181 0.05738529955538818
149 180 0.8794206792128726
187 223 0.053454403062226374
157 242 0.4544775716706192
105 74 0.5698633995996386
92 211 0.5117595815150453
127 197 0.10598323519669928
160 174 0.3529136396076382
118 0 0.16631001128379852
127 26 0.3715615396965152
96 43 0.34986471127089624
149 31 0.8915997169068145
175 211 0.04125177806681213
24 170 0.3262280769875292
